2018-04-29 20:43:08.585 [INCOMING] FROM-> 127.0.0.1 TO-> http://localhost:4000/users-ms METHOD-> GET
2018-04-29 20:43:08.589 [LEAVING] FROM-> 127.0.0.1 TO-> http://localhost:4000/users-ms METHOD-> GET
2018-04-29 20:43:08.591 [INCOMING] FROM-> 127.0.0.1 TO-> http://localhost:4000/users-ms METHOD-> GET
2018-04-29 20:43:08.592 [INCOMING] FROM-> 127.0.0.1 TO-> http://localhost:4000/users-ms METHOD-> GET
2018-04-29 20:43:08.595 [INCOMING] FROM-> 127.0.0.1 TO-> http://localhost:4000/users-ms METHOD-> GET
2018-04-29 20:43:08.608 [LEAVING] FROM-> 127.0.0.1 TO-> http://localhost:4000/users-ms METHOD-> GET
2018-04-29 20:43:08.611 [LEAVING] FROM-> 127.0.0.1 TO-> http://localhost:4000/users-ms METHOD-> GET
2018-04-29 20:43:08.612 [INCOMING] FROM-> 127.0.0.1 TO-> http://localhost:4000/users-ms METHOD-> GET
2018-04-29 20:43:08.613 [INCOMING] FROM-> 127.0.0.1 TO-> http://localhost:4000/users-ms METHOD-> GET
2018-04-29 20:43:08.617 [INCOMING] FROM-> 127.0.0.1 TO-> http://localhost:4000/users-ms METHOD-> GET
2018-04-29 20:43:08.618 [LEAVING] FROM-> 127.0.0.1 TO-> http://localhost:4000/users-ms METHOD-> GET
2018-04-29 20:43:08.622 [LEAVING] FROM-> 127.0.0.1 TO-> http://localhost:4000/users-ms METHOD-> GET
2018-04-29 20:43:08.623 [LEAVING] FROM-> 127.0.0.1 TO-> http://localhost:4000/users-ms METHOD-> GET
2018-04-29 20:43:08.623 [INCOMING] FROM-> 127.0.0.1 TO-> http://localhost:4000/users-ms METHOD-> GET
2018-04-29 20:43:08.624 [LEAVING] FROM-> 127.0.0.1 TO-> http://localhost:4000/users-ms METHOD-> GET
2018-04-29 20:43:08.626 [LEAVING] FROM-> 127.0.0.1 TO-> http://localhost:4000/users-ms METHOD-> GET
2018-04-29 20:43:08.628 [INCOMING] FROM-> 127.0.0.1 TO-> http://localhost:4000/users-ms METHOD-> GET
2018-04-29 20:43:08.648 [INCOMING] FROM-> 127.0.0.1 TO-> http://localhost:4000/users-ms METHOD-> GET
2018-04-29 20:43:08.649 [LEAVING] FROM-> 127.0.0.1 TO-> http://localhost:4000/users-ms METHOD-> GET
2018-04-29 20:43:08.651 [INCOMING] FROM-> 127.0.0.1 TO-> http://localhost:4000/users-ms METHOD-> GET
2018-04-29 20:43:08.653 [LEAVING] FROM-> 127.0.0.1 TO-> http://localhost:4000/users-ms METHOD-> GET
2018-04-29 20:43:08.656 [INCOMING] FROM-> 127.0.0.1 TO-> http://localhost:4000/users-ms METHOD-> GET
2018-04-29 20:43:08.657 [LEAVING] FROM-> 127.0.0.1 TO-> http://localhost:4000/users-ms METHOD-> GET
2018-04-29 20:43:08.659 [INCOMING] FROM-> 127.0.0.1 TO-> http://localhost:4000/users-ms METHOD-> GET
2018-04-29 20:43:08.66 [INCOMING] FROM-> 127.0.0.1 TO-> http://localhost:4000/users-ms METHOD-> GET
2018-04-29 20:43:08.664 [INCOMING] FROM-> 127.0.0.1 TO-> http://localhost:4000/users-ms METHOD-> GET
2018-04-29 20:43:08.665 [LEAVING] FROM-> 127.0.0.1 TO-> http://localhost:4000/users-ms METHOD-> GET
2018-04-29 20:43:08.666 [LEAVING] FROM-> 127.0.0.1 TO-> http://localhost:4000/users-ms METHOD-> GET
2018-04-29 20:43:08.666 [INCOMING] FROM-> 127.0.0.1 TO-> http://localhost:4000/users-ms METHOD-> GET
2018-04-29 20:43:08.668 [INCOMING] FROM-> 127.0.0.1 TO-> http://localhost:4000/users-ms METHOD-> GET
2018-04-29 20:43:08.674 [LEAVING] FROM-> 127.0.0.1 TO-> http://localhost:4000/users-ms METHOD-> GET
2018-04-29 20:43:08.684 [INCOMING] FROM-> 127.0.0.1 TO-> http://localhost:4000/users-ms METHOD-> GET
2018-04-29 20:43:08.687 [INCOMING] FROM-> 127.0.0.1 TO-> http://localhost:4000/users-ms METHOD-> GET
2018-04-29 20:43:08.688 [LEAVING] FROM-> 127.0.0.1 TO-> http://localhost:4000/users-ms METHOD-> GET
2018-04-29 20:43:08.693 [LEAVING] FROM-> 127.0.0.1 TO-> http://localhost:4000/users-ms METHOD-> GET
2018-04-29 20:43:08.694 [LEAVING] FROM-> 127.0.0.1 TO-> http://localhost:4000/users-ms METHOD-> GET
2018-04-29 20:43:08.695 [INCOMING] FROM-> 127.0.0.1 TO-> http://localhost:4000/users-ms METHOD-> GET
2018-04-29 20:43:08.704 [LEAVING] FROM-> 127.0.0.1 TO-> http://localhost:4000/users-ms METHOD-> GET
2018-04-29 20:43:08.711 [INCOMING] FROM-> 127.0.0.1 TO-> http://localhost:4000/users-ms METHOD-> GET
2018-04-29 20:43:08.712 [INCOMING] FROM-> 127.0.0.1 TO-> http://localhost:4000/users-ms METHOD-> GET
2018-04-29 20:43:08.713 [LEAVING] FROM-> 127.0.0.1 TO-> http://localhost:4000/users-ms METHOD-> GET
2018-04-29 20:43:08.715 [INCOMING] FROM-> 127.0.0.1 TO-> http://localhost:4000/users-ms METHOD-> GET
2018-04-29 20:43:08.716 [LEAVING] FROM-> 127.0.0.1 TO-> http://localhost:4000/users-ms METHOD-> GET
2018-04-29 20:43:08.717 [INCOMING] FROM-> 127.0.0.1 TO-> http://localhost:4000/users-ms METHOD-> GET
2018-04-29 20:43:08.735 [LEAVING] FROM-> 127.0.0.1 TO-> http://localhost:4000/users-ms METHOD-> GET
2018-04-29 20:43:08.748 [LEAVING] FROM-> 127.0.0.1 TO-> http://localhost:4000/users-ms METHOD-> GET
2018-04-29 20:43:08.757 [LEAVING] FROM-> 127.0.0.1 TO-> http://localhost:4000/users-ms METHOD-> GET
2018-04-29 20:43:08.759 [LEAVING] FROM-> 127.0.0.1 TO-> http://localhost:4000/users-ms METHOD-> GET
2018-04-29 20:43:08.76 [INCOMING] FROM-> 127.0.0.1 TO-> http://localhost:4000/users-ms METHOD-> GET
2018-04-29 20:43:08.761 [INCOMING] FROM-> 127.0.0.1 TO-> http://localhost:4000/users-ms METHOD-> GET
2018-04-29 20:43:08.764 [LEAVING] FROM-> 127.0.0.1 TO-> http://localhost:4000/users-ms METHOD-> GET
2018-04-29 20:43:08.764 [INCOMING] FROM-> 127.0.0.1 TO-> http://localhost:4000/users-ms METHOD-> GET
2018-04-29 20:43:08.765 [INCOMING] FROM-> 127.0.0.1 TO-> http://localhost:4000/users-ms METHOD-> GET
2018-04-29 20:43:08.766 [LEAVING] FROM-> 127.0.0.1 TO-> http://localhost:4000/users-ms METHOD-> GET
2018-04-29 20:43:08.767 [INCOMING] FROM-> 127.0.0.1 TO-> http://localhost:4000/users-ms METHOD-> GET
2018-04-29 20:43:08.769 [INCOMING] FROM-> 127.0.0.1 TO-> http://localhost:4000/users-ms METHOD-> GET
2018-04-29 20:43:08.771 [INCOMING] FROM-> 127.0.0.1 TO-> http://localhost:4000/users-ms METHOD-> GET
2018-04-29 20:43:08.771 [LEAVING] FROM-> 127.0.0.1 TO-> http://localhost:4000/users-ms METHOD-> GET
2018-04-29 20:43:08.779 [LEAVING] FROM-> 127.0.0.1 TO-> http://localhost:4000/users-ms METHOD-> GET
2018-04-29 20:43:08.789 [LEAVING] FROM-> 127.0.0.1 TO-> http://localhost:4000/users-ms METHOD-> GET
2018-04-29 20:43:08.789 [INCOMING] FROM-> 127.0.0.1 TO-> http://localhost:4000/users-ms METHOD-> GET
2018-04-29 20:43:08.797 [INCOMING] FROM-> 127.0.0.1 TO-> http://localhost:4000/users-ms METHOD-> GET
2018-04-29 20:43:08.8 [LEAVING] FROM-> 127.0.0.1 TO-> http://localhost:4000/users-ms METHOD-> GET
2018-04-29 20:43:08.813 [LEAVING] FROM-> 127.0.0.1 TO-> http://localhost:4000/users-ms METHOD-> GET
2018-04-29 20:43:08.816 [LEAVING] FROM-> 127.0.0.1 TO-> http://localhost:4000/users-ms METHOD-> GET
2018-04-29 20:43:08.816 [LEAVING] FROM-> 127.0.0.1 TO-> http://localhost:4000/users-ms METHOD-> GET
2018-04-29 20:43:08.817 [INCOMING] FROM-> 127.0.0.1 TO-> http://localhost:4000/users-ms METHOD-> GET
2018-04-29 20:43:08.82 [LEAVING] FROM-> 127.0.0.1 TO-> http://localhost:4000/users-ms METHOD-> GET
2018-04-29 20:43:08.821 [INCOMING] FROM-> 127.0.0.1 TO-> http://localhost:4000/users-ms METHOD-> GET
2018-04-29 20:43:08.824 [LEAVING] FROM-> 127.0.0.1 TO-> http://localhost:4000/users-ms METHOD-> GET
2018-04-29 20:43:08.828 [INCOMING] FROM-> 127.0.0.1 TO-> http://localhost:4000/users-ms METHOD-> GET
2018-04-29 20:43:08.828 [INCOMING] FROM-> 127.0.0.1 TO-> http://localhost:4000/users-ms METHOD-> GET
2018-04-29 20:43:08.837 [INCOMING] FROM-> 127.0.0.1 TO-> http://localhost:4000/users-ms METHOD-> GET
2018-04-29 20:43:08.845 [INCOMING] FROM-> 127.0.0.1 TO-> http://localhost:4000/users-ms METHOD-> GET
2018-04-29 20:43:08.846 [LEAVING] FROM-> 127.0.0.1 TO-> http://localhost:4000/users-ms METHOD-> GET
2018-04-29 20:43:08.847 [INCOMING] FROM-> 127.0.0.1 TO-> http://localhost:4000/users-ms METHOD-> GET
2018-04-29 20:43:08.856 [LEAVING] FROM-> 127.0.0.1 TO-> http://localhost:4000/users-ms METHOD-> GET
2018-04-29 20:43:08.858 [INCOMING] FROM-> 127.0.0.1 TO-> http://localhost:4000/users-ms METHOD-> GET
2018-04-29 20:43:08.866 [INCOMING] FROM-> 127.0.0.1 TO-> http://localhost:4000/users-ms METHOD-> GET
2018-04-29 20:43:08.871 [LEAVING] FROM-> 127.0.0.1 TO-> http://localhost:4000/users-ms METHOD-> GET
2018-04-29 20:43:08.873 [LEAVING] FROM-> 127.0.0.1 TO-> http://localhost:4000/users-ms METHOD-> GET
2018-04-29 20:43:08.876 [LEAVING] FROM-> 127.0.0.1 TO-> http://localhost:4000/users-ms METHOD-> GET
2018-04-29 20:43:08.873 [INCOMING] FROM-> 127.0.0.1 TO-> http://localhost:4000/users-ms METHOD-> GET
2018-04-29 20:43:08.88 [INCOMING] FROM-> 127.0.0.1 TO-> http://localhost:4000/users-ms METHOD-> GET
2018-04-29 20:43:08.883 [INCOMING] FROM-> 127.0.0.1 TO-> http://localhost:4000/users-ms METHOD-> GET
2018-04-29 20:43:08.884 [INCOMING] FROM-> 127.0.0.1 TO-> http://localhost:4000/users-ms METHOD-> GET
2018-04-29 20:43:08.895 [LEAVING] FROM-> 127.0.0.1 TO-> http://localhost:4000/users-ms METHOD-> GET
2018-04-29 20:43:08.901 [LEAVING] FROM-> 127.0.0.1 TO-> http://localhost:4000/users-ms METHOD-> GET
2018-04-29 20:43:08.902 [INCOMING] FROM-> 127.0.0.1 TO-> http://localhost:4000/users-ms METHOD-> GET
2018-04-29 20:43:08.904 [INCOMING] FROM-> 127.0.0.1 TO-> http://localhost:4000/users-ms METHOD-> GET
2018-04-29 20:43:08.906 [INCOMING] FROM-> 127.0.0.1 TO-> http://localhost:4000/users-ms METHOD-> GET
2018-04-29 20:43:08.906 [LEAVING] FROM-> 127.0.0.1 TO-> http://localhost:4000/users-ms METHOD-> GET
2018-04-29 20:43:08.908 [LEAVING] FROM-> 127.0.0.1 TO-> http://localhost:4000/users-ms METHOD-> GET
2018-04-29 20:43:08.911 [LEAVING] FROM-> 127.0.0.1 TO-> http://localhost:4000/users-ms METHOD-> GET
2018-04-29 20:43:08.912 [INCOMING] FROM-> 127.0.0.1 TO-> http://localhost:4000/users-ms METHOD-> GET
2018-04-29 20:43:08.913 [LEAVING] FROM-> 127.0.0.1 TO-> http://localhost:4000/users-ms METHOD-> GET
2018-04-29 20:43:08.917 [INCOMING] FROM-> 127.0.0.1 TO-> http://localhost:4000/users-ms METHOD-> GET
2018-04-29 20:43:08.919 [LEAVING] FROM-> 127.0.0.1 TO-> http://localhost:4000/users-ms METHOD-> GET
2018-04-29 20:43:08.924 [LEAVING] FROM-> 127.0.0.1 TO-> http://localhost:4000/users-ms METHOD-> GET
2018-04-29 20:43:08.928 [LEAVING] FROM-> 127.0.0.1 TO-> http://localhost:4000/users-ms METHOD-> GET
2018-04-29 20:43:08.933 [LEAVING] FROM-> 127.0.0.1 TO-> http://localhost:4000/users-ms METHOD-> GET
2018-04-29 20:43:08.934 [INCOMING] FROM-> 127.0.0.1 TO-> http://localhost:4000/users-ms METHOD-> GET
2018-04-29 20:43:08.941 [LEAVING] FROM-> 127.0.0.1 TO-> http://localhost:4000/users-ms METHOD-> GET
2018-04-29 20:43:08.942 [LEAVING] FROM-> 127.0.0.1 TO-> http://localhost:4000/users-ms METHOD-> GET
2018-04-29 20:43:08.955 [INCOMING] FROM-> 127.0.0.1 TO-> http://localhost:4000/users-ms METHOD-> GET
2018-04-29 20:43:08.955 [INCOMING] FROM-> 127.0.0.1 TO-> http://localhost:4000/users-ms METHOD-> GET
2018-04-29 20:43:08.974 [INCOMING] FROM-> 127.0.0.1 TO-> http://localhost:4000/users-ms METHOD-> GET
2018-04-29 20:43:08.977 [LEAVING] FROM-> 127.0.0.1 TO-> http://localhost:4000/users-ms METHOD-> GET
2018-04-29 20:43:08.978 [INCOMING] FROM-> 127.0.0.1 TO-> http://localhost:4000/users-ms METHOD-> GET
2018-04-29 20:43:08.982 [INCOMING] FROM-> 127.0.0.1 TO-> http://localhost:4000/users-ms METHOD-> GET
2018-04-29 20:43:08.985 [LEAVING] FROM-> 127.0.0.1 TO-> http://localhost:4000/users-ms METHOD-> GET
2018-04-29 20:43:08.988 [LEAVING] FROM-> 127.0.0.1 TO-> http://localhost:4000/users-ms METHOD-> GET
2018-04-29 20:43:08.988 [LEAVING] FROM-> 127.0.0.1 TO-> http://localhost:4000/users-ms METHOD-> GET
2018-04-29 20:43:08.97 [LEAVING] FROM-> 127.0.0.1 TO-> http://localhost:4000/users-ms METHOD-> GET
2018-04-29 20:43:08.995 [INCOMING] FROM-> 127.0.0.1 TO-> http://localhost:4000/users-ms METHOD-> GET
2018-04-29 20:43:08.998 [INCOMING] FROM-> 127.0.0.1 TO-> http://localhost:4000/users-ms METHOD-> GET
2018-04-29 20:43:08.998 [LEAVING] FROM-> 127.0.0.1 TO-> http://localhost:4000/users-ms METHOD-> GET
2018-04-29 20:43:09.0 [INCOMING] FROM-> 127.0.0.1 TO-> http://localhost:4000/users-ms METHOD-> GET
2018-04-29 20:43:09.001 [LEAVING] FROM-> 127.0.0.1 TO-> http://localhost:4000/users-ms METHOD-> GET
2018-04-29 20:43:09.004 [LEAVING] FROM-> 127.0.0.1 TO-> http://localhost:4000/users-ms METHOD-> GET
2018-04-29 20:43:09.01 [INCOMING] FROM-> 127.0.0.1 TO-> http://localhost:4000/users-ms METHOD-> GET
2018-04-29 20:43:09.013 [LEAVING] FROM-> 127.0.0.1 TO-> http://localhost:4000/users-ms METHOD-> GET
2018-04-29 20:43:09.023 [INCOMING] FROM-> 127.0.0.1 TO-> http://localhost:4000/users-ms METHOD-> GET
2018-04-29 20:43:09.042 [INCOMING] FROM-> 127.0.0.1 TO-> http://localhost:4000/users-ms METHOD-> GET
2018-04-29 20:43:09.045 [INCOMING] FROM-> 127.0.0.1 TO-> http://localhost:4000/users-ms METHOD-> GET
2018-04-29 20:43:09.048 [LEAVING] FROM-> 127.0.0.1 TO-> http://localhost:4000/users-ms METHOD-> GET
2018-04-29 20:43:09.049 [INCOMING] FROM-> 127.0.0.1 TO-> http://localhost:4000/users-ms METHOD-> GET
2018-04-29 20:43:09.049 [INCOMING] FROM-> 127.0.0.1 TO-> http://localhost:4000/users-ms METHOD-> GET
2018-04-29 20:43:09.053 [LEAVING] FROM-> 127.0.0.1 TO-> http://localhost:4000/users-ms METHOD-> GET
2018-04-29 20:43:09.058 [INCOMING] FROM-> 127.0.0.1 TO-> http://localhost:4000/users-ms METHOD-> GET
2018-04-29 20:43:09.06 [LEAVING] FROM-> 127.0.0.1 TO-> http://localhost:4000/users-ms METHOD-> GET
2018-04-29 20:43:09.062 [LEAVING] FROM-> 127.0.0.1 TO-> http://localhost:4000/users-ms METHOD-> GET
2018-04-29 20:43:09.063 [INCOMING] FROM-> 127.0.0.1 TO-> http://localhost:4000/users-ms METHOD-> GET
2018-04-29 20:43:09.064 [LEAVING] FROM-> 127.0.0.1 TO-> http://localhost:4000/users-ms METHOD-> GET
2018-04-29 20:43:09.066 [LEAVING] FROM-> 127.0.0.1 TO-> http://localhost:4000/users-ms METHOD-> GET
2018-04-29 20:43:09.07 [LEAVING] FROM-> 127.0.0.1 TO-> http://localhost:4000/users-ms METHOD-> GET
2018-04-29 20:43:09.101 [INCOMING] FROM-> 127.0.0.1 TO-> http://localhost:4000/users-ms METHOD-> GET
2018-04-29 20:43:09.106 [INCOMING] FROM-> 127.0.0.1 TO-> http://localhost:4000/users-ms METHOD-> GET
2018-04-29 20:43:09.106 [LEAVING] FROM-> 127.0.0.1 TO-> http://localhost:4000/users-ms METHOD-> GET
2018-04-29 20:43:09.114 [LEAVING] FROM-> 127.0.0.1 TO-> http://localhost:4000/users-ms METHOD-> GET
2018-04-29 20:43:09.12 [INCOMING] FROM-> 127.0.0.1 TO-> http://localhost:4000/users-ms METHOD-> GET
2018-04-29 20:43:09.125 [LEAVING] FROM-> 127.0.0.1 TO-> http://localhost:4000/users-ms METHOD-> GET
2018-04-29 20:43:09.134 [INCOMING] FROM-> 127.0.0.1 TO-> http://localhost:4000/users-ms METHOD-> GET
2018-04-29 20:43:09.137 [LEAVING] FROM-> 127.0.0.1 TO-> http://localhost:4000/users-ms METHOD-> GET
2018-04-29 20:43:09.153 [INCOMING] FROM-> 127.0.0.1 TO-> http://localhost:4000/users-ms METHOD-> GET
2018-04-29 20:43:09.158 [LEAVING] FROM-> 127.0.0.1 TO-> http://localhost:4000/users-ms METHOD-> GET
2018-04-29 20:43:09.162 [INCOMING] FROM-> 127.0.0.1 TO-> http://localhost:4000/users-ms METHOD-> GET
2018-04-29 20:43:09.175 [LEAVING] FROM-> 127.0.0.1 TO-> http://localhost:4000/users-ms METHOD-> GET
2018-04-29 20:43:09.175 [INCOMING] FROM-> 127.0.0.1 TO-> http://localhost:4000/users-ms METHOD-> GET
2018-04-29 20:43:09.178 [LEAVING] FROM-> 127.0.0.1 TO-> http://localhost:4000/users-ms METHOD-> GET
2018-04-29 20:43:09.195 [INCOMING] FROM-> 127.0.0.1 TO-> http://localhost:4000/users-ms METHOD-> GET
2018-04-29 20:43:09.198 [INCOMING] FROM-> 127.0.0.1 TO-> http://localhost:4000/users-ms METHOD-> GET
2018-04-29 20:43:09.202 [LEAVING] FROM-> 127.0.0.1 TO-> http://localhost:4000/users-ms METHOD-> GET
2018-04-29 20:43:09.203 [INCOMING] FROM-> 127.0.0.1 TO-> http://localhost:4000/users-ms METHOD-> GET
2018-04-29 20:43:09.203 [LEAVING] FROM-> 127.0.0.1 TO-> http://localhost:4000/users-ms METHOD-> GET
2018-04-29 20:43:09.206 [LEAVING] FROM-> 127.0.0.1 TO-> http://localhost:4000/users-ms METHOD-> GET
2018-04-29 20:43:09.217 [INCOMING] FROM-> 127.0.0.1 TO-> http://localhost:4000/users-ms METHOD-> GET
2018-04-29 20:43:09.221 [LEAVING] FROM-> 127.0.0.1 TO-> http://localhost:4000/users-ms METHOD-> GET
2018-04-29 20:43:09.23 [INCOMING] FROM-> 127.0.0.1 TO-> http://localhost:4000/users-ms METHOD-> GET
2018-04-29 20:43:09.245 [INCOMING] FROM-> 127.0.0.1 TO-> http://localhost:4000/users-ms METHOD-> GET
2018-04-29 20:43:09.247 [LEAVING] FROM-> 127.0.0.1 TO-> http://localhost:4000/users-ms METHOD-> GET
2018-04-29 20:43:09.248 [INCOMING] FROM-> 127.0.0.1 TO-> http://localhost:4000/users-ms METHOD-> GET
2018-04-29 20:43:09.252 [LEAVING] FROM-> 127.0.0.1 TO-> http://localhost:4000/users-ms METHOD-> GET
2018-04-29 20:43:09.254 [LEAVING] FROM-> 127.0.0.1 TO-> http://localhost:4000/users-ms METHOD-> GET
2018-04-29 20:43:09.255 [INCOMING] FROM-> 127.0.0.1 TO-> http://localhost:4000/users-ms METHOD-> GET
2018-04-29 20:43:09.258 [LEAVING] FROM-> 127.0.0.1 TO-> http://localhost:4000/users-ms METHOD-> GET
2018-04-29 20:43:09.262 [INCOMING] FROM-> 127.0.0.1 TO-> http://localhost:4000/users-ms METHOD-> GET
2018-04-29 20:43:09.265 [LEAVING] FROM-> 127.0.0.1 TO-> http://localhost:4000/users-ms METHOD-> GET
2018-04-29 20:43:09.283 [INCOMING] FROM-> 127.0.0.1 TO-> http://localhost:4000/users-ms METHOD-> GET
2018-04-29 20:43:09.289 [INCOMING] FROM-> 127.0.0.1 TO-> http://localhost:4000/users-ms METHOD-> GET
2018-04-29 20:43:09.291 [LEAVING] FROM-> 127.0.0.1 TO-> http://localhost:4000/users-ms METHOD-> GET
2018-04-29 20:43:09.292 [INCOMING] FROM-> 127.0.0.1 TO-> http://localhost:4000/users-ms METHOD-> GET
2018-04-29 20:43:09.294 [LEAVING] FROM-> 127.0.0.1 TO-> http://localhost:4000/users-ms METHOD-> GET
2018-04-29 20:43:09.298 [INCOMING] FROM-> 127.0.0.1 TO-> http://localhost:4000/users-ms METHOD-> GET
2018-04-29 20:43:09.301 [LEAVING] FROM-> 127.0.0.1 TO-> http://localhost:4000/users-ms METHOD-> GET
2018-04-29 20:43:09.302 [LEAVING] FROM-> 127.0.0.1 TO-> http://localhost:4000/users-ms METHOD-> GET
2018-04-29 20:43:09.302 [INCOMING] FROM-> 127.0.0.1 TO-> http://localhost:4000/users-ms METHOD-> GET
2018-04-29 20:43:09.304 [INCOMING] FROM-> 127.0.0.1 TO-> http://localhost:4000/users-ms METHOD-> GET
2018-04-29 20:43:09.307 [LEAVING] FROM-> 127.0.0.1 TO-> http://localhost:4000/users-ms METHOD-> GET
2018-04-29 20:43:09.307 [LEAVING] FROM-> 127.0.0.1 TO-> http://localhost:4000/users-ms METHOD-> GET
2018-04-29 20:43:09.312 [INCOMING] FROM-> 127.0.0.1 TO-> http://localhost:4000/users-ms METHOD-> GET
2018-04-29 20:43:09.314 [LEAVING] FROM-> 127.0.0.1 TO-> http://localhost:4000/users-ms METHOD-> GET
2018-04-29 20:43:09.318 [INCOMING] FROM-> 127.0.0.1 TO-> http://localhost:4000/users-ms METHOD-> GET
2018-04-29 20:43:09.321 [LEAVING] FROM-> 127.0.0.1 TO-> http://localhost:4000/users-ms METHOD-> GET
2018-04-29 20:43:09.332 [INCOMING] FROM-> 127.0.0.1 TO-> http://localhost:4000/users-ms METHOD-> GET
2018-04-29 20:43:09.336 [LEAVING] FROM-> 127.0.0.1 TO-> http://localhost:4000/users-ms METHOD-> GET
2018-04-29 20:43:09.353 [INCOMING] FROM-> 127.0.0.1 TO-> http://localhost:4000/users-ms METHOD-> GET
2018-04-29 20:43:09.358 [LEAVING] FROM-> 127.0.0.1 TO-> http://localhost:4000/users-ms METHOD-> GET
2018-04-29 20:43:09.36 [INCOMING] FROM-> 127.0.0.1 TO-> http://localhost:4000/users-ms METHOD-> GET
2018-04-29 20:43:09.362 [INCOMING] FROM-> 127.0.0.1 TO-> http://localhost:4000/users-ms METHOD-> GET
2018-04-29 20:43:09.363 [LEAVING] FROM-> 127.0.0.1 TO-> http://localhost:4000/users-ms METHOD-> GET
2018-04-29 20:43:09.367 [LEAVING] FROM-> 127.0.0.1 TO-> http://localhost:4000/users-ms METHOD-> GET
2018-04-29 20:43:09.368 [INCOMING] FROM-> 127.0.0.1 TO-> http://localhost:4000/users-ms METHOD-> GET
2018-04-29 20:43:09.37 [LEAVING] FROM-> 127.0.0.1 TO-> http://localhost:4000/users-ms METHOD-> GET
2018-04-29 20:43:09.372 [INCOMING] FROM-> 127.0.0.1 TO-> http://localhost:4000/users-ms METHOD-> GET
2018-04-29 20:43:09.374 [INCOMING] FROM-> 127.0.0.1 TO-> http://localhost:4000/users-ms METHOD-> GET
2018-04-29 20:43:09.376 [LEAVING] FROM-> 127.0.0.1 TO-> http://localhost:4000/users-ms METHOD-> GET
2018-04-29 20:43:09.377 [LEAVING] FROM-> 127.0.0.1 TO-> http://localhost:4000/users-ms METHOD-> GET
2018-04-29 20:43:09.404 [INCOMING] FROM-> 127.0.0.1 TO-> http://localhost:4000/users-ms METHOD-> GET
2018-04-29 20:43:09.41 [LEAVING] FROM-> 127.0.0.1 TO-> http://localhost:4000/users-ms METHOD-> GET
